70,591
70,590
18,1
70,589
70,588
70,587
70,586
70,585
70,584
70,583
70,582
70,581
70,580
70,579
70,578
70,577
70,576
70,575
70,574
18,3
70,573
70,572
70,571
70,570
70,569
70,568
70,567
70,566
70,565
70,564
70,563
70,562
70,561
70,560
70,559
70,558
70,557
70,556
70,555
70,554
70,553
70,552
70,551
70,550
70,549
70,548
70,547
70,546
70,545
70,544
70,543
70,542
70,541
70,540
70,539
70,538
70,537
70,536
70,535
70,534
14,1
70,533
70,532
70,531
70,530
70,529
70,528
70,527
70,526
70,525
70,524
70,523
70,522
70,521
70,520
70,519
70,518
14,3
70,517
70,516
70,515
70,514
70,513
70,512
70,511
70,510
70,509
70,508
13,1
70,507
70,506
70,505
70,504
70,503
70,502
70,501
70,500
70,499
70,498
70,497
70,496
70,495
70,494
13,3
70,493
70,492
70,491
70,490
70,489
70,488
70,487
70,486
70,485
70,484
70,483
70,482
70,481
70,480
70,479
70,478
70,477
70,476
70,475
70,474
70,473
70,472
70,471
70,470
70,469
70,468
70,467
70,466
70,465
70,464
70,463
70,462
70,461
70,460
70,459
70,447
70,446
70,445
70,444
70,443
70,442
70,441
70,440
70,439
70,438
70,437
70,436
70,435
70,434
70,433
70,432
70,431
70,430
70,429
70,428
70,427
70,426
70,425
70,424
70,423
70,422
70,319
70,191
70,190
70,189
70,188
2,2
70,187
2,1
70,1
2,3
70,186
0,497
0,0
74,34
74,33
74,32
